Some((
    red: 0.54901963,
    green: 0.6666667,
    blue: 0.93333334,
))